tread                : 0.42000
wheel_diameter_right : 0.37300
wheel_diameter_left  : 0.38100
