wheel_base           : 0.94
tread                : 0.43515
wheel_diameter_right : 0.38625
wheel_diameter_left  : 0.38625
